2696 481 321
135 93 7 1
136 93 7 1
137 93 7 1
138 93 7 1
139 93 7 1
140 93 7 1
141 93 7 1
142 93 7 1
128 163 10 1
192 124 4 1
129 163 10 1
193 124 4 1
130 163 10 1
194 124 4 1
131 163 10 1
195 124 4 1
132 163 10 1
196 124 4 1
197 124 4 1
198 124 4 1
341 217 5 1
342 217 5 1
343 217 5 1
292 15 9 0
344 217 5 1
293 15 9 0
345 217 5 1
294 15 9 0
346 217 5 1
295 15 9 0
347 217 5 1
296 15 9 0
297 15 9 0
195 194 4 1
330 287 5 1
298 15 9 0
196 194 4 1
331 287 5 1
197 194 4 1
332 287 5 1
198 194 4 1
333 287 5 1
199 194 4 1
334 287 5 1
200 194 4 1
335 287 5 1
201 194 4 1
336 287 5 1
121 202 12 1
122 202 12 1
123 202 12 1
142 132 7 1
124 202 12 1
143 132 7 1
125 202 12 1
144 132 7 1
126 202 12 1
145 132 7 1
127 202 12 1
146 132 7 1
128 202 12 1
147 132 7 1
148 132 7 1
195 163 4 1
196 163 4 1
197 163 4 1
198 163 4 1
199 163 4 1
200 163 4 1
336 256 5 1
201 163 4 1
337 256 5 1
338 256 5 1
339 256 5 1
340 256 5 1
341 256 5 1
342 256 5 1
195 233 4 1
196 233 4 1
197 233 4 1
198 233 4 1
199 233 4 1
200 233 4 1
201 233 4 1
140 101 7 1
141 101 7 1
142 101 7 1
143 101 7 1
144 101 7 1
145 101 7 1
146 101 7 1
147 101 7 1
194 132 4 1
195 132 4 1
196 132 4 1
197 132 4 1
198 132 4 1
199 132 4 1
200 132 4 1
340 225 5 1
289 23 9 0
341 225 5 1
290 23 9 0
342 225 5 1
291 23 9 0
343 225 5 1
292 23 9 0
344 225 5 1
293 23 9 0
345 225 5 1
294 23 9 0
346 225 5 1
295 23 9 0
296 23 9 0
195 202 4 1
196 202 4 1
197 202 4 1
198 202 4 1
199 202 4 1
200 202 4 1
201 202 4 1
141 140 7 1
341 194 5 1
142 140 7 1
342 194 5 1
343 194 5 1
344 194 5 1
345 194 5 1
346 194 5 1
347 194 5 1
130 210 12 1
195 171 4 1
196 171 4 1
197 171 4 1
198 171 4 1
199 171 4 1
334 264 5 1
200 171 4 1
335 264 5 1
201 171 4 1
336 264 5 1
337 264 5 1
338 264 5 1
339 264 5 1
340 264 5 1
195 241 4 1
196 241 4 1
197 241 4 1
198 241 4 1
199 241 4 1
200 241 4 1
201 241 4 1
296 132 6 1
144 109 7 1
145 109 7 1
146 109 7 1
147 109 7 1
129 179 12 1
148 109 7 1
149 109 7 1
150 109 7 1
195 140 4 1
196 140 4 1
197 140 4 1
198 140 4 1
199 140 4 1
200 140 4 1
201 140 4 1
285 31 9 0
286 31 9 0
287 31 9 0
288 31 9 0
340 233 5 1
289 31 9 0
341 233 5 1
290 31 9 0
342 233 5 1
291 31 9 0
343 233 5 1
292 31 9 0
344 233 5 1
345 233 5 1
346 233 5 1
195 210 4 1
196 210 4 1
197 210 4 1
198 210 4 1
199 210 4 1
200 210 4 1
201 210 4 1
64 187 13 1
65 187 13 1
66 187 13 1
67 187 13 1
68 187 13 1
341 202 5 1
342 202 5 1
343 202 5 1
344 202 5 1
345 202 5 1
346 202 5 1
347 202 5 1
195 179 4 1
196 179 4 1
197 179 4 1
332 272 5 1
198 179 4 1
333 272 5 1
199 179 4 1
334 272 5 1
200 179 4 1
335 272 5 1
201 179 4 1
336 272 5 1
337 272 5 1
338 272 5 1
125 187 12 1
126 187 12 1
145 117 7 1
127 187 12 1
146 117 7 1
128 187 12 1
147 117 7 1
129 187 12 1
148 117 7 1
130 187 12 1
149 117 7 1
131 187 12 1
150 117 7 1
195 148 4 1
151 117 7 1
196 148 4 1
280 39 9 0
197 148 4 1
281 39 9 0
198 148 4 1
282 39 9 0
199 148 4 1
283 39 9 0
200 148 4 1
284 39 9 0
201 148 4 1
285 39 9 0
286 39 9 0
339 241 5 1
340 241 5 1
341 241 5 1
342 241 5 1
343 241 5 1
344 241 5 1
345 241 5 1
195 218 4 1
196 218 4 1
197 218 4 1
198 218 4 1
199 218 4 1
200 218 4 1
201 218 4 1
191 117 4 1
192 117 4 1
193 117 4 1
194 117 4 1
195 117 4 1
196 117 4 1
341 210 5 1
342 210 5 1
343 210 5 1
344 210 5 1
345 210 5 1
346 210 5 1
347 210 5 1
195 187 4 1
196 187 4 1
331 280 5 1
197 187 4 1
332 280 5 1
198 187 4 1
333 280 5 1
199 187 4 1
334 280 5 1
200 187 4 1
335 280 5 1
201 187 4 1
336 280 5 1
337 280 5 1
122 195 12 1
123 195 12 1
124 195 12 1
143 125 7 1
125 195 12 1
144 125 7 1
126 195 12 1
145 125 7 1
127 195 12 1
146 125 7 1
128 195 12 1
147 125 7 1
148 125 7 1
277 47 9 0
149 125 7 1
278 47 9 0
150 125 7 1
195 156 4 1
279 47 9 0
196 156 4 1
280 47 9 0
197 156 4 1
281 47 9 0
198 156 4 1
282 47 9 0
199 156 4 1
283 47 9 0
200 156 4 1
201 156 4 1
337 249 5 1
338 249 5 1
339 249 5 1
340 249 5 1
341 249 5 1
342 249 5 1
343 249 5 1
195 226 4 1
196 226 4 1
197 226 4 1
198 226 4 1
199 226 4 1
200 226 4 1
201 226 4 1
136 94 7 1
137 94 7 1
138 94 7 1
139 94 7 1
140 94 7 1
141 94 7 1
142 94 7 1
143 94 7 1
127 164 10 1
128 164 10 1
192 125 4 1
129 164 10 1
193 125 4 1
130 164 10 1
194 125 4 1
131 164 10 1
195 125 4 1
132 164 10 1
196 125 4 1
133 164 10 1
197 125 4 1
198 125 4 1
341 218 5 1
342 218 5 1
343 218 5 1
292 16 9 0
344 218 5 1
293 16 9 0
345 218 5 1
294 16 9 0
346 218 5 1
295 16 9 0
347 218 5 1
296 16 9 0
297 16 9 0
195 195 4 1
330 288 5 1
298 16 9 0
196 195 4 1
331 288 5 1
197 195 4 1
332 288 5 1
198 195 4 1
333 288 5 1
199 195 4 1
334 288 5 1
200 195 4 1
335 288 5 1
201 195 4 1
336 288 5 1
121 203 12 1
122 203 12 1
141 133 7 1
123 203 12 1
142 133 7 1
124 203 12 1
143 133 7 1
125 203 12 1
144 133 7 1
126 203 12 1
145 133 7 1
127 203 12 1
146 133 7 1
128 203 12 1
147 133 7 1
129 203 12 1
130 203 12 1
195 164 4 1
196 164 4 1
197 164 4 1
198 164 4 1
199 164 4 1
200 164 4 1
201 164 4 1
336 257 5 1
337 257 5 1
338 257 5 1
339 257 5 1
340 257 5 1
341 257 5 1
342 257 5 1
195 234 4 1
196 234 4 1
197 234 4 1
198 234 4 1
199 234 4 1
200 234 4 1
201 234 4 1
67 141 11 1
140 102 7 1
141 102 7 1
142 102 7 1
296 125 6 1
143 102 7 1
144 102 7 1
145 102 7 1
146 102 7 1
147 102 7 1
148 102 7 1
194 133 4 1
195 133 4 1
196 133 4 1
197 133 4 1
198 133 4 1
199 133 4 1
200 133 4 1
340 226 5 1
289 24 9 0
341 226 5 1
290 24 9 0
342 226 5 1
291 24 9 0
343 226 5 1
292 24 9 0
344 226 5 1
293 24 9 0
345 226 5 1
294 24 9 0
346 226 5 1
295 24 9 0
296 24 9 0
195 203 4 1
196 203 4 1
197 203 4 1
198 203 4 1
199 203 4 1
200 203 4 1
201 203 4 1
341 195 5 1
342 195 5 1
343 195 5 1
344 195 5 1
345 195 5 1
346 195 5 1
347 195 5 1
195 172 4 1
196 172 4 1
197 172 4 1
198 172 4 1
199 172 4 1
334 265 5 1
200 172 4 1
335 265 5 1
201 172 4 1
336 265 5 1
337 265 5 1
338 265 5 1
339 265 5 1
340 265 5 1
195 242 4 1
196 242 4 1
197 242 4 1
198 242 4 1
199 242 4 1
200 242 4 1
201 242 4 1
144 110 7 1
145 110 7 1
127 180 12 1
146 110 7 1
128 180 12 1
147 110 7 1
129 180 12 1
148 110 7 1
130 180 12 1
149 110 7 1
131 180 12 1
150 110 7 1
195 141 4 1
196 141 4 1
197 141 4 1
198 141 4 1
199 141 4 1
200 141 4 1
284 32 9 0
201 141 4 1
285 32 9 0
286 32 9 0
287 32 9 0
288 32 9 0
340 234 5 1
289 32 9 0
341 234 5 1
290 32 9 0
342 234 5 1
291 32 9 0
144 180 8 0
343 234 5 1
344 234 5 1
345 234 5 1
346 234 5 1
195 211 4 1
196 211 4 1
197 211 4 1
198 211 4 1
199 211 4 1
200 211 4 1
201 211 4 1
64 188 13 1
65 188 13 1
66 188 13 1
67 188 13 1
68 188 13 1
341 203 5 1
342 203 5 1
343 203 5 1
344 203 5 1
345 203 5 1
346 203 5 1
347 203 5 1
195 180 4 1
196 180 4 1
197 180 4 1
332 273 5 1
198 180 4 1
333 273 5 1
199 180 4 1
334 273 5 1
200 180 4 1
335 273 5 1
201 180 4 1
336 273 5 1
337 273 5 1
338 273 5 1
124 188 12 1
125 188 12 1
126 188 12 1
145 118 7 1
127 188 12 1
146 118 7 1
128 188 12 1
147 118 7 1
129 188 12 1
148 118 7 1
130 188 12 1
149 118 7 1
131 188 12 1
150 118 7 1
195 149 4 1
132 188 14 1
279 40 9 0
151 118 7 1
196 149 4 1
133 188 14 1
280 40 9 0
197 149 4 1
281 40 9 0
198 149 4 1
282 40 9 0
199 149 4 1
283 40 9 0
200 149 4 1
284 40 9 0
201 149 4 1
285 40 9 0
286 40 9 0
338 242 5 1
339 242 5 1
340 242 5 1
341 242 5 1
342 242 5 1
343 242 5 1
344 242 5 1
195 219 4 1
196 219 4 1
197 219 4 1
198 219 4 1
199 219 4 1
200 219 4 1
201 219 4 1
190 118 4 1
191 118 4 1
192 118 4 1
193 118 4 1
194 118 4 1
195 118 4 1
196 118 4 1
197 118 4 1
341 211 5 1
342 211 5 1
343 211 5 1
344 211 5 1
345 211 5 1
346 211 5 1
295 9 9 0
347 211 5 1
195 188 4 1
331 281 5 1
196 188 4 1
332 281 5 1
197 188 4 1
333 281 5 1
198 188 4 1
334 281 5 1
199 188 4 1
335 281 5 1
200 188 4 1
336 281 5 1
201 188 4 1
337 281 5 1
122 196 12 1
123 196 12 1
124 196 12 1
143 126 7 1
125 196 12 1
144 126 7 1
126 196 12 1
145 126 7 1
127 196 12 1
146 126 7 1
128 196 12 1
147 126 7 1
148 126 7 1
149 126 7 1
278 48 9 0
195 157 4 1
279 48 9 0
196 157 4 1
280 48 9 0
197 157 4 1
281 48 9 0
198 157 4 1
282 48 9 0
199 157 4 1
200 157 4 1
201 157 4 1
337 250 5 1
338 250 5 1
339 250 5 1
340 250 5 1
341 250 5 1
342 250 5 1
343 250 5 1
195 227 4 1
196 227 4 1
197 227 4 1
198 227 4 1
199 227 4 1
200 227 4 1
201 227 4 1
136 95 7 1
137 95 7 1
138 95 7 1
139 95 7 1
140 95 7 1
141 95 7 1
142 95 7 1
143 95 7 1
128 165 10 1
192 126 4 1
129 165 10 1
193 126 4 1
130 165 10 1
194 126 4 1
131 165 10 1
195 126 4 1
132 165 10 1
196 126 4 1
197 126 4 1
198 126 4 1
341 219 5 1
342 219 5 1
343 219 5 1
292 17 9 0
344 219 5 1
293 17 9 0
345 219 5 1
294 17 9 0
346 219 5 1
295 17 9 0
347 219 5 1
296 17 9 0
297 17 9 0
195 196 4 1
298 17 9 0
196 196 4 1
331 289 5 1
197 196 4 1
332 289 5 1
198 196 4 1
333 289 5 1
199 196 4 1
334 289 5 1
200 196 4 1
335 289 5 1
201 196 4 1
121 204 12 1
140 134 7 1
122 204 12 1
141 134 7 1
123 204 12 1
142 134 7 1
124 204 12 1
143 134 7 1
125 204 12 1
144 134 7 1
126 204 12 1
145 134 7 1
127 204 12 1
146 134 7 1
128 204 12 1
147 134 7 1
129 204 12 1
130 204 12 1
131 204 12 1
195 165 4 1
132 204 12 1
196 165 4 1
197 165 4 1
198 165 4 1
199 165 4 1
200 165 4 1
201 165 4 1
336 258 5 1
337 258 5 1
338 258 5 1
339 258 5 1
340 258 5 1
341 258 5 1
342 258 5 1
195 235 4 1
196 235 4 1
197 235 4 1
198 235 4 1
199 235 4 1
65 142 11 1
200 235 4 1
66 142 11 1
201 235 4 1
67 142 11 1
68 142 11 1
69 142 11 1
294 126 6 1
141 103 7 1
295 126 6 1
142 103 7 1
296 126 6 1
143 103 7 1
297 126 6 1
144 103 7 1
298 126 6 1
145 103 7 1
146 103 7 1
147 103 7 1
148 103 7 1
194 134 4 1
195 134 4 1
196 134 4 1
197 134 4 1
198 134 4 1
199 134 4 1
200 134 4 1
288 25 9 0
340 227 5 1
289 25 9 0
341 227 5 1
290 25 9 0
342 227 5 1
291 25 9 0
343 227 5 1
292 25 9 0
344 227 5 1
293 25 9 0
345 227 5 1
294 25 9 0
346 227 5 1
295 25 9 0
195 204 4 1
196 204 4 1
197 204 4 1
198 204 4 1
199 204 4 1
200 204 4 1
201 204 4 1
341 196 5 1
342 196 5 1
343 196 5 1
344 196 5 1
345 196 5 1
346 196 5 1
347 196 5 1
195 173 4 1
196 173 4 1
197 173 4 1
198 173 4 1
199 173 4 1
334 266 5 1
200 173 4 1
335 266 5 1
201 173 4 1
336 266 5 1
337 266 5 1
338 266 5 1
339 266 5 1
340 266 5 1
195 243 4 1
196 243 4 1
197 243 4 1
198 243 4 1
199 243 4 1
200 243 4 1
201 243 4 1
144 111 7 1
145 111 7 1
127 181 12 1
146 111 7 1
128 181 12 1
147 111 7 1
129 181 12 1
148 111 7 1
130 181 12 1
149 111 7 1
131 181 12 1
150 111 7 1
195 142 4 1
196 142 4 1
197 142 4 1
198 142 4 1
199 142 4 1
200 142 4 1
284 33 9 0
201 142 4 1
285 33 9 0
286 33 9 0
287 33 9 0
288 33 9 0
340 235 5 1
289 33 9 0
142 181 8 0
341 235 5 1
290 33 9 0
143 181 8 0
342 235 5 1
144 181 8 0
343 235 5 1
145 181 8 0
344 235 5 1
146 181 8 0
345 235 5 1
346 235 5 1
195 212 4 1
196 212 4 1
197 212 4 1
198 212 4 1
199 212 4 1
200 212 4 1
201 212 4 1
66 189 13 1
341 204 5 1
342 204 5 1
343 204 5 1
344 204 5 1
345 204 5 1
346 204 5 1
347 204 5 1
195 181 4 1
196 181 4 1
332 274 5 1
197 181 4 1
333 274 5 1
198 181 4 1
334 274 5 1
199 181 4 1
335 274 5 1
200 181 4 1
336 274 5 1
201 181 4 1
337 274 5 1
338 274 5 1
124 189 12 1
125 189 12 1
126 189 12 1
145 119 7 1
127 189 12 1
146 119 7 1
128 189 12 1
147 119 7 1
129 189 12 1
148 119 7 1
130 189 14 1
149 119 7 1
131 189 14 1
150 119 7 1
195 150 4 1
132 189 14 1
279 41 9 0
151 119 7 1
196 150 4 1
133 189 14 1
280 41 9 0
197 150 4 1
134 189 14 1
281 41 9 0
198 150 4 1
135 189 14 1
282 41 9 0
199 150 4 1
283 41 9 0
200 150 4 1
284 41 9 0
201 150 4 1
285 41 9 0
338 243 5 1
339 243 5 1
340 243 5 1
341 243 5 1
342 243 5 1
343 243 5 1
344 243 5 1
195 220 4 1
196 220 4 1
197 220 4 1
198 220 4 1
199 220 4 1
200 220 4 1
201 220 4 1
191 119 4 1
192 119 4 1
193 119 4 1
194 119 4 1
195 119 4 1
196 119 4 1
197 119 4 1
341 212 5 1
342 212 5 1
343 212 5 1
344 212 5 1
293 10 9 0
345 212 5 1
294 10 9 0
346 212 5 1
295 10 9 0
347 212 5 1
296 10 9 0
297 10 9 0
195 189 4 1
196 189 4 1
331 282 5 1
197 189 4 1
332 282 5 1
198 189 4 1
333 282 5 1
199 189 4 1
334 282 5 1
200 189 4 1
335 282 5 1
201 189 4 1
336 282 5 1
337 282 5 1
121 197 12 1
122 197 12 1
123 197 12 1
124 197 12 1
143 127 7 1
125 197 12 1
144 127 7 1
126 197 12 1
145 127 7 1
127 197 12 1
146 127 7 1
128 197 12 1
147 127 7 1
148 127 7 1
149 127 7 1
278 49 9 0
195 158 4 1
279 49 9 0
196 158 4 1
280 49 9 0
197 158 4 1
281 49 9 0
198 158 4 1
282 49 9 0
199 158 4 1
200 158 4 1
201 158 4 1
337 251 5 1
338 251 5 1
339 251 5 1
340 251 5 1
341 251 5 1
342 251 5 1
343 251 5 1
195 228 4 1
196 228 4 1
197 228 4 1
198 228 4 1
199 228 4 1
200 228 4 1
201 228 4 1
137 96 7 1
138 96 7 1
139 96 7 1
140 96 7 1
141 96 7 1
142 96 7 1
143 96 7 1
144 96 7 1
128 166 10 1
129 166 10 1
193 127 4 1
130 166 10 1
194 127 4 1
131 166 10 1
195 127 4 1
132 166 10 1
196 127 4 1
197 127 4 1
198 127 4 1
199 127 4 1
341 220 5 1
342 220 5 1
291 18 9 0
343 220 5 1
292 18 9 0
344 220 5 1
293 18 9 0
345 220 5 1
294 18 9 0
346 220 5 1
295 18 9 0
347 220 5 1
296 18 9 0
297 18 9 0
195 197 4 1
298 18 9 0
196 197 4 1
331 290 5 1
197 197 4 1
332 290 5 1
198 197 4 1
333 290 5 1
199 197 4 1
334 290 5 1
200 197 4 1
335 290 5 1
201 197 4 1
139 135 7 1
140 135 7 1
122 205 12 1
141 135 7 1
123 205 12 1
142 135 7 1
124 205 12 1
143 135 7 1
125 205 12 1
144 135 7 1
126 205 12 1
145 135 7 1
127 205 12 1
146 135 7 1
128 205 12 1
129 205 12 1
130 205 12 1
131 205 12 1
195 166 4 1
132 205 12 1
196 166 4 1
197 166 4 1
198 166 4 1
199 166 4 1
200 166 4 1
335 259 5 1
201 166 4 1
336 259 5 1
337 259 5 1
338 259 5 1
339 259 5 1
340 259 5 1
341 259 5 1
195 236 4 1
196 236 4 1
197 236 4 1
198 236 4 1
199 236 4 1
65 143 11 1
200 236 4 1
66 143 11 1
201 236 4 1
67 143 11 1
68 143 11 1
69 143 11 1
294 127 6 1
295 127 6 1
142 104 7 1
296 127 6 1
143 104 7 1
297 127 6 1
144 104 7 1
298 127 6 1
145 104 7 1
146 104 7 1
147 104 7 1
148 104 7 1
195 135 4 1
196 135 4 1
197 135 4 1
198 135 4 1
199 135 4 1
200 135 4 1
201 135 4 1
288 26 9 0
340 228 5 1
289 26 9 0
341 228 5 1
290 26 9 0
342 228 5 1
291 26 9 0
343 228 5 1
292 26 9 0
344 228 5 1
293 26 9 0
345 228 5 1
294 26 9 0
346 228 5 1
295 26 9 0
195 205 4 1
196 205 4 1
197 205 4 1
198 205 4 1
199 205 4 1
200 205 4 1
201 205 4 1
341 197 5 1
342 197 5 1
343 197 5 1
344 197 5 1
345 197 5 1
346 197 5 1
347 197 5 1
195 174 4 1
196 174 4 1
197 174 4 1
198 174 4 1
334 267 5 1
199 174 4 1
335 267 5 1
200 174 4 1
336 267 5 1
201 174 4 1
337 267 5 1
338 267 5 1
339 267 5 1
340 267 5 1
195 244 4 1
196 244 4 1
197 244 4 1
198 244 4 1
199 244 4 1
200 244 4 1
201 244 4 1
144 112 7 1
126 182 12 1
145 112 7 1
127 182 12 1
146 112 7 1
128 182 12 1
147 112 7 1
129 182 12 1
148 112 7 1
130 182 12 1
149 112 7 1
131 182 12 1
150 112 7 1
195 143 4 1
132 182 12 1
151 112 7 1
196 143 4 1
197 143 4 1
198 143 4 1
199 143 4 1
283 34 9 0
200 143 4 1
284 34 9 0
201 143 4 1
285 34 9 0
286 34 9 0
287 34 9 0
339 236 5 1
288 34 9 0
340 236 5 1
289 34 9 0
142 182 8 0
341 236 5 1
290 34 9 0
143 182 8 0
342 236 5 1
144 182 8 0
343 236 5 1
145 182 8 0
344 236 5 1
146 182 8 0
345 236 5 1
195 213 4 1
196 213 4 1
197 213 4 1
198 213 4 1
199 213 4 1
200 213 4 1
201 213 4 1
341 205 5 1
342 205 5 1
343 205 5 1
344 205 5 1
345 205 5 1
346 205 5 1
347 205 5 1
195 182 4 1
196 182 4 1
197 182 4 1
332 275 5 1
198 182 4 1
333 275 5 1
199 182 4 1
334 275 5 1
200 182 4 1
335 275 5 1
201 182 4 1
336 275 5 1
337 275 5 1
338 275 5 1
124 190 12 1
125 190 12 1
126 190 12 1
145 120 7 1
127 190 12 1
146 120 7 1
128 190 12 1
147 120 7 1
129 190 12 1
148 120 7 1
130 190 14 1
149 120 7 1
131 190 14 1
278 42 9 0
150 120 7 1
195 151 4 1
132 190 14 1
279 42 9 0
151 120 7 1
196 151 4 1
133 190 14 1
280 42 9 0
197 151 4 1
134 190 14 1
281 42 9 0
198 151 4 1
135 190 14 1
282 42 9 0
199 151 4 1
283 42 9 0
200 151 4 1
284 42 9 0
201 151 4 1
285 42 9 0
338 244 5 1
339 244 5 1
340 244 5 1
341 244 5 1
342 244 5 1
343 244 5 1
344 244 5 1
195 221 4 1
196 221 4 1
197 221 4 1
198 221 4 1
199 221 4 1
200 221 4 1
201 221 4 1
138 89 7 1
191 120 4 1
192 120 4 1
193 120 4 1
194 120 4 1
195 120 4 1
196 120 4 1
197 120 4 1
341 213 5 1
342 213 5 1
343 213 5 1
344 213 5 1
293 11 9 0
345 213 5 1
294 11 9 0
346 213 5 1
295 11 9 0
347 213 5 1
296 11 9 0
297 11 9 0
195 190 4 1
196 190 4 1
331 283 5 1
197 190 4 1
332 283 5 1
198 190 4 1
333 283 5 1
199 190 4 1
334 283 5 1
200 190 4 1
335 283 5 1
201 190 4 1
336 283 5 1
337 283 5 1
121 198 12 1
122 198 12 1
123 198 12 1
124 198 12 1
143 128 7 1
125 198 12 1
144 128 7 1
126 198 12 1
145 128 7 1
127 198 12 1
146 128 7 1
147 128 7 1
148 128 7 1
149 128 7 1
195 159 4 1
196 159 4 1
280 50 9 0
197 159 4 1
198 159 4 1
199 159 4 1
200 159 4 1
201 159 4 1
337 252 5 1
338 252 5 1
339 252 5 1
340 252 5 1
341 252 5 1
342 252 5 1
343 252 5 1
195 229 4 1
196 229 4 1
197 229 4 1
198 229 4 1
199 229 4 1
200 229 4 1
201 229 4 1
137 97 7 1
138 97 7 1
139 97 7 1
140 97 7 1
141 97 7 1
142 97 7 1
143 97 7 1
144 97 7 1
193 128 4 1
130 167 10 1
194 128 4 1
195 128 4 1
196 128 4 1
197 128 4 1
198 128 4 1
199 128 4 1
341 221 5 1
342 221 5 1
291 19 9 0
343 221 5 1
292 19 9 0
344 221 5 1
293 19 9 0
345 221 5 1
294 19 9 0
346 221 5 1
295 19 9 0
347 221 5 1
296 19 9 0
297 19 9 0
195 198 4 1
196 198 4 1
197 198 4 1
198 198 4 1
333 291 5 1
199 198 4 1
200 198 4 1
201 198 4 1
139 136 7 1
140 136 7 1
122 206 12 1
141 136 7 1
123 206 12 1
142 136 7 1
124 206 12 1
143 136 7 1
125 206 12 1
144 136 7 1
126 206 12 1
344 190 5 1
145 136 7 1
127 206 12 1
146 136 7 1
128 206 12 1
129 206 12 1
130 206 12 1
131 206 12 1
195 167 4 1
132 206 12 1
196 167 4 1
133 206 12 1
197 167 4 1
198 167 4 1
199 167 4 1
200 167 4 1
335 260 5 1
201 167 4 1
336 260 5 1
337 260 5 1
338 260 5 1
339 260 5 1
340 260 5 1
341 260 5 1
195 237 4 1
196 237 4 1
197 237 4 1
198 237 4 1
64 144 11 1
199 237 4 1
65 144 11 1
200 237 4 1
66 144 11 1
201 237 4 1
67 144 11 1
68 144 11 1
69 144 11 1
70 144 11 1
293 128 6 1
294 128 6 1
295 128 6 1
142 105 7 1
296 128 6 1
143 105 7 1
297 128 6 1
144 105 7 1
298 128 6 1
145 105 7 1
299 128 6 1
146 105 7 1
147 105 7 1
148 105 7 1
149 105 7 1
195 136 4 1
196 136 4 1
197 136 4 1
198 136 4 1
199 136 4 1
200 136 4 1
201 136 4 1
287 27 9 0
288 27 9 0
340 229 5 1
289 27 9 0
341 229 5 1
290 27 9 0
342 229 5 1
291 27 9 0
343 229 5 1
292 27 9 0
344 229 5 1
293 27 9 0
345 229 5 1
294 27 9 0
346 229 5 1
195 206 4 1
196 206 4 1
197 206 4 1
198 206 4 1
199 206 4 1
200 206 4 1
201 206 4 1
66 183 13 1
341 198 5 1
342 198 5 1
343 198 5 1
344 198 5 1
345 198 5 1
346 198 5 1
347 198 5 1
195 175 4 1
196 175 4 1
197 175 4 1
198 175 4 1
333 268 5 1
199 175 4 1
334 268 5 1
200 175 4 1
335 268 5 1
201 175 4 1
336 268 5 1
337 268 5 1
338 268 5 1
339 268 5 1
195 245 4 1
196 245 4 1
197 245 4 1
198 245 4 1
199 245 4 1
200 245 4 1
201 245 4 1
126 183 12 1
145 113 7 1
127 183 12 1
146 113 7 1
128 183 12 1
147 113 7 1
129 183 12 1
148 113 7 1
130 183 12 1
149 113 7 1
131 183 12 1
150 113 7 1
195 144 4 1
132 183 12 1
151 113 7 1
196 144 4 1
197 144 4 1
198 144 4 1
282 35 9 0
199 144 4 1
283 35 9 0
200 144 4 1
284 35 9 0
201 144 4 1
285 35 9 0
286 35 9 0
287 35 9 0
339 237 5 1
288 35 9 0
141 183 8 0
340 237 5 1
289 35 9 0
142 183 8 0
341 237 5 1
143 183 8 0
342 237 5 1
144 183 8 0
343 237 5 1
145 183 8 0
344 237 5 1
146 183 8 0
345 237 5 1
147 183 8 0
195 214 4 1
196 214 4 1
197 214 4 1
198 214 4 1
199 214 4 1
200 214 4 1
201 214 4 1
341 206 5 1
342 206 5 1
343 206 5 1
344 206 5 1
345 206 5 1
346 206 5 1
347 206 5 1
195 183 4 1
196 183 4 1
197 183 4 1
332 276 5 1
198 183 4 1
333 276 5 1
199 183 4 1
334 276 5 1
200 183 4 1
335 276 5 1
201 183 4 1
336 276 5 1
337 276 5 1
338 276 5 1
124 191 12 1
125 191 12 1
144 121 7 1
126 191 12 1
145 121 7 1
127 191 12 1
146 121 7 1
128 191 12 1
147 121 7 1
129 191 14 1
148 121 7 1
130 191 14 1
149 121 7 1
131 191 14 1
278 43 9 0
150 121 7 1
195 152 4 1
132 191 14 1
279 43 9 0
151 121 7 1
196 152 4 1
133 191 14 1
280 43 9 0
197 152 4 1
134 191 14 1
281 43 9 0
198 152 4 1
135 191 14 1
282 43 9 0
199 152 4 1
136 191 14 1
283 43 9 0
200 152 4 1
284 43 9 0
201 152 4 1
338 245 5 1
339 245 5 1
340 245 5 1
341 245 5 1
342 245 5 1
343 245 5 1
344 245 5 1
195 222 4 1
196 222 4 1
197 222 4 1
198 222 4 1
199 222 4 1
200 222 4 1
201 222 4 1
136 90 7 1
137 90 7 1
138 90 7 1
139 90 7 1
140 90 7 1
191 121 4 1
192 121 4 1
193 121 4 1
194 121 4 1
195 121 4 1
196 121 4 1
197 121 4 1
341 214 5 1
342 214 5 1
343 214 5 1
292 12 9 0
344 214 5 1
293 12 9 0
345 214 5 1
294 12 9 0
346 214 5 1
295 12 9 0
347 214 5 1
296 12 9 0
297 12 9 0
195 191 4 1
298 12 9 0
196 191 4 1
331 284 5 1
197 191 4 1
332 284 5 1
198 191 4 1
333 284 5 1
199 191 4 1
334 284 5 1
200 191 4 1
335 284 5 1
201 191 4 1
336 284 5 1
337 284 5 1
121 199 12 1
122 199 12 1
123 199 12 1
142 129 7 1
124 199 12 1
143 129 7 1
125 199 12 1
144 129 7 1
126 199 12 1
145 129 7 1
127 199 12 1
146 129 7 1
147 129 7 1
148 129 7 1
149 129 7 1
195 160 4 1
196 160 4 1
197 160 4 1
198 160 4 1
199 160 4 1
200 160 4 1
201 160 4 1
337 253 5 1
338 253 5 1
339 253 5 1
340 253 5 1
341 253 5 1
342 253 5 1
343 253 5 1
195 230 4 1
196 230 4 1
197 230 4 1
198 230 4 1
199 230 4 1
200 230 4 1
201 230 4 1
138 98 7 1
139 98 7 1
140 98 7 1
141 98 7 1
142 98 7 1
143 98 7 1
144 98 7 1
145 98 7 1
193 129 4 1
194 129 4 1
195 129 4 1
196 129 4 1
197 129 4 1
198 129 4 1
199 129 4 1
341 222 5 1
342 222 5 1
291 20 9 0
343 222 5 1
292 20 9 0
344 222 5 1
293 20 9 0
345 222 5 1
294 20 9 0
346 222 5 1
295 20 9 0
347 222 5 1
296 20 9 0
297 20 9 0
195 199 4 1
196 199 4 1
197 199 4 1
198 199 4 1
199 199 4 1
200 199 4 1
201 199 4 1
138 137 7 1
139 137 7 1
140 137 7 1
141 137 7 1
142 137 7 1
124 207 12 1
342 191 5 1
143 137 7 1
125 207 12 1
343 191 5 1
144 137 7 1
126 207 12 1
344 191 5 1
145 137 7 1
127 207 12 1
345 191 5 1
128 207 12 1
346 191 5 1
129 207 12 1
130 207 12 1
131 207 12 1
195 168 4 1
132 207 12 1
196 168 4 1
133 207 12 1
197 168 4 1
198 168 4 1
199 168 4 1
200 168 4 1
335 261 5 1
201 168 4 1
336 261 5 1
337 261 5 1
338 261 5 1
339 261 5 1
340 261 5 1
341 261 5 1
195 238 4 1
196 238 4 1
197 238 4 1
198 238 4 1
199 238 4 1
65 145 11 1
200 238 4 1
66 145 11 1
201 238 4 1
67 145 11 1
68 145 11 1
69 145 11 1
293 129 6 1
294 129 6 1
295 129 6 1
296 129 6 1
143 106 7 1
297 129 6 1
144 106 7 1
298 129 6 1
145 106 7 1
299 129 6 1
146 106 7 1
147 106 7 1
148 106 7 1
149 106 7 1
195 137 4 1
196 137 4 1
197 137 4 1
198 137 4 1
199 137 4 1
200 137 4 1
201 137 4 1
287 28 9 0
288 28 9 0
340 230 5 1
289 28 9 0
341 230 5 1
290 28 9 0
342 230 5 1
291 28 9 0
343 230 5 1
292 28 9 0
344 230 5 1
293 28 9 0
345 230 5 1
346 230 5 1
195 207 4 1
196 207 4 1
197 207 4 1
198 207 4 1
199 207 4 1
200 207 4 1
201 207 4 1
64 184 13 1
65 184 13 1
66 184 13 1
67 184 13 1
68 184 13 1
341 199 5 1
342 199 5 1
343 199 5 1
344 199 5 1
345 199 5 1
346 199 5 1
347 199 5 1
195 176 4 1
196 176 4 1
197 176 4 1
198 176 4 1
333 269 5 1
199 176 4 1
334 269 5 1
200 176 4 1
335 269 5 1
201 176 4 1
336 269 5 1
337 269 5 1
338 269 5 1
339 269 5 1
196 246 4 1
197 246 4 1
198 246 4 1
199 246 4 1
200 246 4 1
126 184 12 1
145 114 7 1
127 184 12 1
146 114 7 1
128 184 12 1
147 114 7 1
129 184 12 1
148 114 7 1
130 184 12 1
149 114 7 1
131 184 12 1
150 114 7 1
195 145 4 1
132 184 12 1
151 114 7 1
196 145 4 1
197 145 4 1
281 36 9 0
198 145 4 1
282 36 9 0
199 145 4 1
283 36 9 0
200 145 4 1
284 36 9 0
201 145 4 1
285 36 9 0
286 36 9 0
287 36 9 0
339 238 5 1
288 36 9 0
340 238 5 1
289 36 9 0
142 184 8 0
341 238 5 1
143 184 8 0
342 238 5 1
144 184 8 0
343 238 5 1
145 184 8 0
344 238 5 1
146 184 8 0
345 238 5 1
195 215 4 1
196 215 4 1
197 215 4 1
198 215 4 1
199 215 4 1
200 215 4 1
201 215 4 1
341 207 5 1
342 207 5 1
343 207 5 1
344 207 5 1
345 207 5 1
346 207 5 1
347 207 5 1
195 184 4 1
196 184 4 1
331 277 5 1
197 184 4 1
332 277 5 1
198 184 4 1
333 277 5 1
199 184 4 1
334 277 5 1
200 184 4 1
335 277 5 1
201 184 4 1
336 277 5 1
337 277 5 1
338 277 5 1
123 192 12 1
124 192 12 1
125 192 12 1
144 122 7 1
126 192 12 1
145 122 7 1
127 192 12 1
146 122 7 1
128 192 12 1
147 122 7 1
129 192 12 1
148 122 7 1
130 192 14 1
149 122 7 1
131 192 14 1
278 44 9 0
150 122 7 1
195 153 4 1
132 192 14 1
279 44 9 0
196 153 4 1
133 192 14 1
280 44 9 0
197 153 4 1
134 192 14 1
281 44 9 0
198 153 4 1
135 192 14 1
282 44 9 0
199 153 4 1
283 44 9 0
200 153 4 1
284 44 9 0
201 153 4 1
338 246 5 1
339 246 5 1
340 246 5 1
341 246 5 1
342 246 5 1
343 246 5 1
344 246 5 1
195 223 4 1
196 223 4 1
197 223 4 1
198 223 4 1
199 223 4 1
200 223 4 1
201 223 4 1
136 91 7 1
137 91 7 1
138 91 7 1
139 91 7 1
140 91 7 1
141 91 7 1
191 122 4 1
192 122 4 1
193 122 4 1
130 161 10 1
194 122 4 1
195 122 4 1
196 122 4 1
197 122 4 1
341 215 5 1
342 215 5 1
343 215 5 1
292 13 9 0
344 215 5 1
293 13 9 0
345 215 5 1
294 13 9 0
346 215 5 1
295 13 9 0
347 215 5 1
296 13 9 0
297 13 9 0
195 192 4 1
298 13 9 0
331 285 5 1
196 192 4 1
332 285 5 1
197 192 4 1
333 285 5 1
198 192 4 1
334 285 5 1
199 192 4 1
335 285 5 1
200 192 4 1
336 285 5 1
201 192 4 1
337 285 5 1
121 200 12 1
122 200 12 1
123 200 12 1
142 130 7 1
124 200 12 1
143 130 7 1
125 200 12 1
144 130 7 1
126 200 12 1
145 130 7 1
127 200 12 1
146 130 7 1
147 130 7 1
148 130 7 1
195 161 4 1
196 161 4 1
197 161 4 1
198 161 4 1
199 161 4 1
200 161 4 1
201 161 4 1
337 254 5 1
338 254 5 1
339 254 5 1
340 254 5 1
341 254 5 1
342 254 5 1
343 254 5 1
195 231 4 1
196 231 4 1
197 231 4 1
198 231 4 1
199 231 4 1
200 231 4 1
201 231 4 1
139 99 7 1
140 99 7 1
141 99 7 1
142 99 7 1
143 99 7 1
144 99 7 1
145 99 7 1
193 130 4 1
194 130 4 1
195 130 4 1
196 130 4 1
197 130 4 1
198 130 4 1
199 130 4 1
341 223 5 1
290 21 9 0
342 223 5 1
291 21 9 0
343 223 5 1
292 21 9 0
344 223 5 1
293 21 9 0
345 223 5 1
294 21 9 0
346 223 5 1
295 21 9 0
347 223 5 1
296 21 9 0
297 21 9 0
195 200 4 1
196 200 4 1
197 200 4 1
198 200 4 1
199 200 4 1
200 200 4 1
201 200 4 1
139 138 7 1
140 138 7 1
141 138 7 1
142 138 7 1
342 192 5 1
143 138 7 1
343 192 5 1
144 138 7 1
126 208 12 1
344 192 5 1
127 208 12 1
345 192 5 1
128 208 12 1
346 192 5 1
129 208 12 1
130 208 12 1
131 208 12 1
195 169 4 1
132 208 12 1
196 169 4 1
197 169 4 1
198 169 4 1
199 169 4 1
334 262 5 1
200 169 4 1
335 262 5 1
201 169 4 1
336 262 5 1
337 262 5 1
338 262 5 1
339 262 5 1
340 262 5 1
341 262 5 1
195 239 4 1
196 239 4 1
197 239 4 1
198 239 4 1
199 239 4 1
65 146 11 1
200 239 4 1
66 146 11 1
201 239 4 1
67 146 11 1
68 146 11 1
69 146 11 1
294 130 6 1
295 130 6 1
296 130 6 1
143 107 7 1
297 130 6 1
144 107 7 1
298 130 6 1
145 107 7 1
146 107 7 1
147 107 7 1
148 107 7 1
149 107 7 1
195 138 4 1
196 138 4 1
197 138 4 1
198 138 4 1
199 138 4 1
200 138 4 1
201 138 4 1
286 29 9 0
287 29 9 0
288 29 9 0
340 231 5 1
289 29 9 0
341 231 5 1
290 29 9 0
342 231 5 1
291 29 9 0
343 231 5 1
292 29 9 0
344 231 5 1
293 29 9 0
345 231 5 1
346 231 5 1
195 208 4 1
196 208 4 1
197 208 4 1
198 208 4 1
199 208 4 1
200 208 4 1
201 208 4 1
64 185 13 1
65 185 13 1
66 185 13 1
67 185 13 1
68 185 13 1
341 200 5 1
342 200 5 1
343 200 5 1
344 200 5 1
345 200 5 1
346 200 5 1
347 200 5 1
195 177 4 1
196 177 4 1
197 177 4 1
333 270 5 1
198 177 4 1
334 270 5 1
199 177 4 1
335 270 5 1
200 177 4 1
336 270 5 1
201 177 4 1
337 270 5 1
338 270 5 1
339 270 5 1
196 247 4 1
197 247 4 1
198 247 4 1
199 247 4 1
200 247 4 1
125 185 12 1
126 185 12 1
145 115 7 1
127 185 12 1
146 115 7 1
128 185 12 1
147 115 7 1
129 185 12 1
148 115 7 1
130 185 12 1
149 115 7 1
131 185 12 1
150 115 7 1
195 146 4 1
132 185 12 1
151 115 7 1
196 146 4 1
197 146 4 1
281 37 9 0
198 146 4 1
282 37 9 0
199 146 4 1
283 37 9 0
200 146 4 1
284 37 9 0
201 146 4 1
285 37 9 0
286 37 9 0
287 37 9 0
339 239 5 1
288 37 9 0
340 239 5 1
142 185 8 0
341 239 5 1
143 185 8 0
342 239 5 1
144 185 8 0
343 239 5 1
145 185 8 0
344 239 5 1
146 185 8 0
345 239 5 1
195 216 4 1
196 216 4 1
197 216 4 1
198 216 4 1
199 216 4 1
200 216 4 1
201 216 4 1
193 115 4 1
194 115 4 1
341 208 5 1
342 208 5 1
343 208 5 1
344 208 5 1
345 208 5 1
346 208 5 1
347 208 5 1
195 185 4 1
331 278 5 1
196 185 4 1
332 278 5 1
197 185 4 1
333 278 5 1
198 185 4 1
334 278 5 1
199 185 4 1
335 278 5 1
200 185 4 1
336 278 5 1
201 185 4 1
337 278 5 1
123 193 12 1
124 193 12 1
125 193 12 1
144 123 7 1
126 193 12 1
145 123 7 1
127 193 12 1
146 123 7 1
128 193 12 1
147 123 7 1
129 193 12 1
148 123 7 1
130 193 14 1
149 123 7 1
131 193 14 1
278 45 9 0
150 123 7 1
195 154 4 1
132 193 14 1
279 45 9 0
196 154 4 1
133 193 14 1
280 45 9 0
197 154 4 1
134 193 14 1
281 45 9 0
198 154 4 1
135 193 14 1
282 45 9 0
199 154 4 1
283 45 9 0
200 154 4 1
284 45 9 0
201 154 4 1
337 247 5 1
338 247 5 1
339 247 5 1
340 247 5 1
341 247 5 1
342 247 5 1
343 247 5 1
195 224 4 1
196 224 4 1
197 224 4 1
198 224 4 1
199 224 4 1
200 224 4 1
201 224 4 1
135 92 7 1
136 92 7 1
137 92 7 1
138 92 7 1
139 92 7 1
140 92 7 1
141 92 7 1
128 162 10 1
192 123 4 1
129 162 10 1
193 123 4 1
130 162 10 1
194 123 4 1
131 162 10 1
195 123 4 1
132 162 10 1
196 123 4 1
197 123 4 1
198 123 4 1
341 216 5 1
342 216 5 1
343 216 5 1
292 14 9 0
344 216 5 1
293 14 9 0
345 216 5 1
294 14 9 0
346 216 5 1
295 14 9 0
347 216 5 1
296 14 9 0
297 14 9 0
195 193 4 1
298 14 9 0
196 193 4 1
331 286 5 1
197 193 4 1
332 286 5 1
198 193 4 1
333 286 5 1
199 193 4 1
334 286 5 1
200 193 4 1
335 286 5 1
201 193 4 1
336 286 5 1
337 286 5 1
121 201 12 1
122 201 12 1
123 201 12 1
142 131 7 1
124 201 12 1
143 131 7 1
125 201 12 1
144 131 7 1
126 201 12 1
145 131 7 1
127 201 12 1
146 131 7 1
147 131 7 1
148 131 7 1
195 162 4 1
196 162 4 1
197 162 4 1
198 162 4 1
199 162 4 1
200 162 4 1
201 162 4 1
336 255 5 1
337 255 5 1
338 255 5 1
339 255 5 1
340 255 5 1
341 255 5 1
342 255 5 1
195 232 4 1
196 232 4 1
197 232 4 1
198 232 4 1
199 232 4 1
200 232 4 1
201 232 4 1
139 100 7 1
140 100 7 1
141 100 7 1
142 100 7 1
143 100 7 1
144 100 7 1
145 100 7 1
146 100 7 1
147 100 7 1
194 131 4 1
195 131 4 1
196 131 4 1
197 131 4 1
198 131 4 1
199 131 4 1
200 131 4 1
341 224 5 1
290 22 9 0
342 224 5 1
291 22 9 0
343 224 5 1
292 22 9 0
344 224 5 1
293 22 9 0
345 224 5 1
294 22 9 0
346 224 5 1
295 22 9 0
347 224 5 1
296 22 9 0
195 201 4 1
196 201 4 1
197 201 4 1
198 201 4 1
199 201 4 1
200 201 4 1
201 201 4 1
139 139 7 1
140 139 7 1
141 139 7 1
341 193 5 1
142 139 7 1
342 193 5 1
143 139 7 1
343 193 5 1
144 139 7 1
344 193 5 1
345 193 5 1
128 209 12 1
346 193 5 1
129 209 12 1
347 193 5 1
130 209 12 1
131 209 12 1
195 170 4 1
132 209 12 1
196 170 4 1
197 170 4 1
198 170 4 1
334 263 5 1
199 170 4 1
335 263 5 1
200 170 4 1
336 263 5 1
201 170 4 1
337 263 5 1
338 263 5 1
339 263 5 1
340 263 5 1
195 240 4 1
196 240 4 1
197 240 4 1
198 240 4 1
199 240 4 1
200 240 4 1
201 240 4 1
67 147 11 1
294 131 6 1
295 131 6 1
296 131 6 1
143 108 7 1
297 131 6 1
144 108 7 1
298 131 6 1
145 108 7 1
146 108 7 1
147 108 7 1
148 108 7 1
149 108 7 1
150 108 7 1
195 139 4 1
196 139 4 1
197 139 4 1
198 139 4 1
199 139 4 1
200 139 4 1
201 139 4 1
285 30 9 0
286 30 9 0
287 30 9 0
288 30 9 0
340 232 5 1
289 30 9 0
341 232 5 1
290 30 9 0
342 232 5 1
291 30 9 0
343 232 5 1
292 30 9 0
344 232 5 1
345 232 5 1
346 232 5 1
195 209 4 1
196 209 4 1
197 209 4 1
198 209 4 1
199 209 4 1
200 209 4 1
201 209 4 1
63 186 13 1
64 186 13 1
65 186 13 1
66 186 13 1
67 186 13 1
68 186 13 1
69 186 13 1
341 201 5 1
342 201 5 1
343 201 5 1
344 201 5 1
345 201 5 1
346 201 5 1
347 201 5 1
195 178 4 1
196 178 4 1
197 178 4 1
198 178 4 1
333 271 5 1
199 178 4 1
334 271 5 1
200 178 4 1
335 271 5 1
201 178 4 1
336 271 5 1
337 271 5 1
338 271 5 1
339 271 5 1
198 248 4 1
125 186 12 1
126 186 12 1
145 116 7 1
127 186 12 1
146 116 7 1
128 186 12 1
147 116 7 1
129 186 12 1
148 116 7 1
130 186 12 1
149 116 7 1
131 186 12 1
150 116 7 1
195 147 4 1
151 116 7 1
196 147 4 1
280 38 9 0
197 147 4 1
281 38 9 0
198 147 4 1
282 38 9 0
199 147 4 1
283 38 9 0
200 147 4 1
284 38 9 0
201 147 4 1
285 38 9 0
286 38 9 0
287 38 9 0
339 240 5 1
340 240 5 1
341 240 5 1
342 240 5 1
144 186 8 0
343 240 5 1
344 240 5 1
345 240 5 1
195 217 4 1
196 217 4 1
197 217 4 1
198 217 4 1
199 217 4 1
200 217 4 1
201 217 4 1
191 116 4 1
192 116 4 1
193 116 4 1
194 116 4 1
195 116 4 1
196 116 4 1
341 209 5 1
342 209 5 1
343 209 5 1
344 209 5 1
345 209 5 1
346 209 5 1
347 209 5 1
195 186 4 1
196 186 4 1
331 279 5 1
197 186 4 1
332 279 5 1
198 186 4 1
333 279 5 1
199 186 4 1
334 279 5 1
200 186 4 1
335 279 5 1
201 186 4 1
336 279 5 1
337 279 5 1
122 194 12 1
123 194 12 1
124 194 12 1
125 194 12 1
144 124 7 1
126 194 12 1
145 124 7 1
127 194 12 1
146 124 7 1
128 194 12 1
147 124 7 1
129 194 12 1
148 124 7 1
277 46 9 0
149 124 7 1
278 46 9 0
150 124 7 1
195 155 4 1
132 194 14 1
279 46 9 0
196 155 4 1
133 194 14 1
280 46 9 0
197 155 4 1
281 46 9 0
198 155 4 1
282 46 9 0
199 155 4 1
283 46 9 0
200 155 4 1
201 155 4 1
337 248 5 1
338 248 5 1
339 248 5 1
340 248 5 1
341 248 5 1
342 248 5 1
343 248 5 1
195 225 4 1
196 225 4 1
197 225 4 1
198 225 4 1
199 225 4 1
200 225 4 1
201 225 4 1
